30610045974.0027606180494880464147817493236
30610045974.4183971526866922832927218839151
30610045974.5848652069308759364111317363969
30610045974.9123281296707982327233299945009
30610045975.1758922313669349563231414113354
30610045975.7006179986851155592975461237653
30610045975.7988562271999280654994821551212
30610045975.8705806298322553853671747239769
30610045976.2956210989491668169607736072543
30610045976.7104685353087362320788836698993
30610045976.9461304411706881099348499291571
30610045977.2073824998070609370557019084752
30610045977.4044431236888163203828252990540
30610045977.6300874048759555905843655125694
30610045978.0737894853417629385102344019381
30610045978.2530617918064707105169441375941
30610045978.6165969345841929383742130986547
30610045978.8502658995524156764108979891440
30610045979.0776464865365125597327129907017
30610045979.4235449760670799791153985560256
30610045979.6736694972027210484159647774527
30610045979.8909277575026222319461666208584
30610045980.2135677261816359091098463927426
30610045980.3781698957752039950671681431494
30610045980.6796158425661759256060631904544
30610045980.8412609623441211911240763948081
30610045981.3547996473191653310966327361235
30610045981.5644856328852081061711435788607
30610045981.8503190502571268367909628644827
30610045982.1887980114739873601375490041952
30610045982.4356743394940512783785946222087
30610045982.9223984219431067777244426759302
30610045983.1876595105621278441720833522302
30610045983.5486689382741049396049420364033
30610045983.7384682857362053567323858628776
30610045983.9594840008964698937528559324983
30610045984.3482214077077487787748243971835
30610045984.6353156961779797893796058833818
30610045984.7802453060747276257922679004715
30610045984.9747717500324627190143552065675
30610045985.4549987078892424636936461113204
30610045985.5990499587519824470566883354461
30610045985.8701322368363441295562213902257
30610045986.1119799068309302554473404431965
30610045986.3610319426002481842027395252713
30610045986.5289180290494752045528006420527
30610045986.9017749171339578051635103520885
30610045987.2382593843649453032617023191046
30610045987.7001932976856918148399389870361
30610045987.8237432713453406173852633204241
30610045988.2570221894438998337029214789363
30610045988.4464625708095453391665188847681
30610045988.7463889720309316588302003603676
30610045988.8952652281103174919463067639507
30610045989.1220105330130867170274051233199
30610045989.3407870271478310445849060860807
30610045989.9237705582488592071449265718612
30610045990.0663534449181011534078592257451
30610045990.2975635852538112831893275266496
30610045990.4894431751068995849207756735191
30610045990.9550426140469320991235375601381
30610045991.4060558778190479155434926689596
30610045991.5108065893317854404674219286472
30610045991.8067255154152500104451082769598
30610045992.1247038168354196571299640925732
30610045992.2571067652953683629126537150762
30610045992.7518815145061528842428070287457
30610045992.9670054879435432472503795808370
30610045993.2217552605171335973291663881149
30610045993.4140070041739755822752782189322
30610045993.7456848079328326726917639336690
30610045993.9877803380385231931978752721824
30610045994.4528285175863886940878138375699
30610045994.8103429287307649306809635308965
30610045995.0821458686320717746018460846803
30610045995.2926969081048649115298878314969
30610045995.5721117718659365820812533064840
30610045995.7140240562663307339094327776446
30610045996.0440054832809375035213150579467
30610045996.2257383511512345955043131134644
30610045996.5843365887663915491156838403312
30610045996.7234665322413961961821398490859
30610045997.0733016319390391838060070568349
30610045997.3357300926567977452265883379556
30610045997.6581947644803900354725184850085
30610045997.9098131759104725562391847936115
30610045998.1983088951517175817883194701457
30610045998.4147087209440876342129159288918
30610045998.7482055284412584243688883072739
30610045999.0613276456043948617188454811113
30610045999.3590303155857338242542207494667
30610045999.5482155336810265060030538853814
30610045999.9552130657091121470871002501192